$ 4 0.000005 10.20027730826997 50 5 50
f 368 688 400 688 32 1.5 0.02
f 368 752 400 752 32 1.5 0.02
f 496 688 528 688 32 1.5 0.02
f 496 752 528 752 32 1.5 0.02
f 640 688 672 688 32 1.5 0.02
f 704 752 736 752 32 1.5 0.02
f 672 592 704 592 33 1.5 0.02
f 672 528 704 528 33 1.5 0.02
f 496 592 528 592 33 1.5 0.02
f 368 592 400 592 33 1.5 0.02
f 368 528 400 528 33 1.5 0.02
f 496 528 528 528 33 1.5 0.02
w 400 544 400 576 0
w 528 544 528 576 0
w 704 512 704 480 0
w 400 512 400 480 0
w 528 512 528 480 0
w 400 768 400 784 0
w 528 768 528 784 0
w 672 704 672 784 0
w 736 768 736 784 0
g 528 784 528 800 0
w 400 784 528 784 0
w 528 784 672 784 0
w 672 784 736 784 0
w 400 480 528 480 0
w 528 480 704 480 0
w 704 544 704 576 0
w 528 608 528 640 0
w 528 640 528 672 0
w 400 608 400 640 0
w 400 640 400 672 0
w 400 640 528 640 0
w 672 640 704 640 0
w 704 640 736 640 0
w 736 640 736 736 0
w 672 672 672 640 0
w 704 640 704 608 0
w 400 704 400 736 0
w 528 704 528 736 0
w 640 688 576 688 0
w 576 528 672 528 0
w 528 640 576 640 0
w 576 688 576 640 0
w 576 640 576 528 0
w 1088 640 1088 528 0
w 1088 688 1088 640 0
w 1040 640 1088 640 0
w 1088 528 1184 528 0
w 1152 688 1088 688 0
w 1040 704 1040 736 0
w 896 704 896 736 0
w 1216 640 1216 608 0
w 1184 672 1184 640 0
w 1248 640 1248 736 0
w 1216 640 1248 640 0
w 1184 640 1216 640 0
w 896 640 1040 640 0
w 896 640 896 672 0
w 896 608 896 640 0
w 1040 640 1040 672 0
w 1040 608 1040 640 0
w 1216 544 1216 576 0
w 1040 480 1216 480 0
w 896 480 1040 480 0
w 1184 784 1248 784 0
w 1040 784 1184 784 0
w 896 784 1040 784 0
w 1248 768 1248 784 0
w 1184 704 1184 784 0
w 1040 768 1040 784 0
w 896 768 896 784 0
w 1040 512 1040 480 0
w 896 512 896 480 0
w 1216 512 1216 480 0
w 1040 544 1040 576 0
w 896 544 896 576 0
f 1008 528 1040 528 33 1.5 0.02
f 864 528 896 528 33 1.5 0.02
f 864 592 896 592 33 1.5 0.02
f 1008 592 1040 592 33 1.5 0.02
f 1184 528 1216 528 33 1.5 0.02
f 1184 592 1216 592 33 1.5 0.02
f 1216 752 1248 752 32 1.5 0.02
f 1152 688 1184 688 32 1.5 0.02
f 1008 752 1040 752 32 1.5 0.02
f 1008 688 1040 688 32 1.5 0.02
f 864 752 896 752 32 1.5 0.02
f 864 688 896 688 32 1.5 0.02
w 736 640 784 640 0
w 784 640 784 528 0
w 784 528 864 528 0
w 784 640 784 752 0
w 784 752 864 752 0
f 1008 144 1040 144 33 1.5 0.02
f 1008 304 1040 304 33 1.5 0.02
w 1040 288 1040 224 0
w 1040 224 1040 160 0
w 1040 224 1072 224 0
w 1040 320 1040 368 0
w 1040 128 1040 64 0
w 656 128 656 64 0
w 656 320 656 368 0
w 608 304 624 304 0
w 608 208 608 304 0
w 608 208 528 208 0
w 608 144 608 208 0
w 624 144 608 144 0
w 656 224 704 224 0
w 656 224 656 160 0
w 656 288 656 224 0
f 624 304 656 304 33 1.5 0.02
f 624 144 656 144 33 1.5 0.02
f 496 144 528 144 33 1.5 0.02
f 496 304 528 304 33 1.5 0.02
w 528 288 528 208 0
w 528 208 528 160 0
w 496 144 480 144 0
w 480 144 480 224 0
w 480 224 400 224 0
w 480 224 480 304 0
w 480 304 496 304 0
w 528 320 528 368 0
w 528 128 528 64 0
f 368 144 400 144 33 1.5 0.02
f 368 304 400 304 33 1.5 0.02
w 400 288 400 224 0
w 400 224 400 160 0
w 400 320 400 368 0
w 400 128 400 64 0
w 608 208 704 208 0
w 400 368 528 368 0
w 528 368 656 368 0
w 400 64 528 64 0
w 528 64 656 64 0
g 528 368 528 384 0
x 316 148 350 151 4 24 clk
x 453 342 487 345 6 24 clk
x 453 126 487 129 6 24 clk
x 570 131 607 134 4 24 phi
x 579 333 616 336 4 24 phi
x 686 194 723 197 4 24 phi
x 685 258 722 261 6 24 phi
x 317 594 354 597 6 24 phi
x 444 697 481 700 6 24 phi
x 817 694 854 697 6 24 phi
x 955 600 992 603 6 24 phi
x 316 698 353 701 4 24 phi
x 444 598 481 601 4 24 phi
x 818 598 855 601 4 24 phi
x 959 694 996 697 4 24 phi
x 1086 231 1105 234 4 24 Q
w 1248 640 1280 640 0
x 707 718 724 721 4 24 R
x 643 598 660 601 4 24 R
x 1155 600 1172 603 4 24 R
x 1218 715 1235 718 4 24 R
x 331 758 349 761 4 24 D
x 333 533 351 536 4 24 D
x 464 539 478 542 4 24 y
x 466 755 480 758 4 24 y
x 765 630 779 633 4 24 y
x 648 513 662 516 4 24 x
x 624 720 638 723 4 24 x
x 322 308 356 311 4 24 clk
x 840 510 854 513 4 24 y
x 846 781 860 784 4 24 y
x 964 532 992 535 4 24 yy
x 964 757 992 760 4 24 yy
x 1293 646 1321 649 4 24 yy
x 963 149 991 152 4 24 xx
x 962 312 990 315 4 24 xx
g 1040 368 1040 384 0
R 1040 64 1040 32 0 0 40 1.2 0 0 0.5
R 528 64 528 32 0 0 40 1.2 0 0 0.5
R 528 480 528 448 0 0 40 1.2 0 0 0.5
R 1040 480 1040 448 0 0 40 1.2 0 0 0.5
g 1040 784 1040 800 0
x 1150 516 1178 519 4 24 xx
x 1122 719 1150 722 4 24 xx
x 1057 632 1085 635 4 24 xx
